42,75
0,273
0,270
3,2
10,6
10,78
10,270
10,262
10,282
10,28
10,244
10,164
10,2
10,3
11,18
11,26
11,4
11,22
11,12
9,7
9,4
9,6
9,2
9,3
8,6
8,15
8,16
8,18
12,2
12,1
12,3
13,1
13,3
2,2
2,1
2,3
53,4
53,3
53,2
53,1
53,0
51,3
51,2
51,1
51,0
49,10
49,9
49,8
49,7
49,6
49,5
49,4
49,3
49,2
49,1
49,0
46,4
46,3
46,2
46,1
46,0
45,3
45,2
45,1
45,0
43,5
43,4
43,3
43,2
43,1
43,0
42,74
42,73
42,72
42,71
42,70
42,69
42,68
42,67
42,66
42,65
42,64
42,36
42,35
42,34
42,33
42,32
42,31
42,30
42,29
42,28
42,27
42,26
42,25
42,24
42,23
42,22
42,21
42,20
42,19
42,18
42,17
42,16
42,15
42,14
42,13
42,12
42,11
42,10
42,9
42,8
42,7
42,6
42,5
42,4
42,3
42,2
42,1
42,0
41,3
41,2
41,1
41,0
